##source=lorikeet-v0.8.2
##sample=<ID=1, name=filtered/EHA04492_bin.49/PRB0174_EHI02067_DMB0156.bam>
##sample=<ID=2, name=filtered/EHA04492_bin.49/PRB0174_EHI02065_DMB0156.bam>
##sample=<ID=3, name=filtered/EHA04492_bin.49/PRB0237_EHI02617_DMB0156.bam>
##sample=<ID=4, name=filtered/EHA04492_bin.49/PRB0164_EHI01968_DMB0156.bam>
##sample=<ID=5, name=filtered/EHA04492_bin.49/PRB0237_EHI02630_DMB0156.bam>
##sample=<ID=6, name=filtered/EHA04492_bin.49/PRB0237_EHI02639_DMB0156.bam>
##sample=<ID=7, name=filtered/EHA04492_bin.49/PRB0237_EHI02607_DMB0156.bam>
##sample=<ID=8, name=filtered/EHA04492_bin.49/PRB0237_EHI02582_DMB0156.bam>
##sample=<ID=9, name=filtered/EHA04492_bin.49/PRB0237_EHI02612_DMB0156.bam>
##sample=<ID=10, name=filtered/EHA04492_bin.49/PRB0237_EHI02619_DMB0156.bam>
##sample=<ID=11, name=filtered/EHA04492_bin.49/PRB0164_EHI01985_DMB0156.bam>
##sample=<ID=12, name=filtered/EHA04492_bin.49/PRB0164_EHI01966_DMB0156.bam>
##sample=<ID=13, name=filtered/EHA04492_bin.49/PRB0237_EHI02615_DMB0156.bam>
##sample=<ID=14, name=filtered/EHA04492_bin.49/PRB0237_EHI02695_DMB0156.bam>
##sample=<ID=15, name=filtered/EHA04492_bin.49/PRB0237_EHI02592_DMB0156.bam>
##sample=<ID=16, name=filtered/EHA04492_bin.49/PRB0237_EHI02585_DMB0156.bam>
##sample=<ID=17, name=filtered/EHA04492_bin.49/PRB0237_EHI02602_DMB0156.bam>
##sample=<ID=18, name=filtered/EHA04492_bin.49/PRB0237_EHI02632_DMB0156.bam>
##sample=<ID=19, name=filtered/EHA04492_bin.49/PRB0237_EHI02698_DMB0156.bam>
##sample=<ID=20, name=filtered/EHA04492_bin.49/PRB0237_EHI02697_DMB0156.bam>
##sample=<ID=21, name=filtered/EHA04492_bin.49/PRB0237_EHI02624_DMB0156.bam>
##sample=<ID=22, name=filtered/EHA04492_bin.49/PRB0237_EHI02693_DMB0156.bam>
##sample=<ID=23, name=filtered/EHA04492_bin.49/PRB0174_EHI02088_DMB0156.bam>
##sample=<ID=24, name=filtered/EHA04492_bin.49/PRB0164_EHI01995_DMB0156.bam>
##sample=<ID=25, name=filtered/EHA04492_bin.49/PRB0174_EHI02097_DMB0156.bam>
##sample=<ID=26, name=filtered/EHA04492_bin.49/PRB0164_EHI01970_DMB0156.bam>
##sample=<ID=27, name=filtered/EHA04492_bin.49/PRB0237_EHI02633_DMB0156.bam>
##sample=<ID=28, name=filtered/EHA04492_bin.49/PRB0237_EHI02598_DMB0156.bam>
##sample=<ID=29, name=filtered/EHA04492_bin.49/PRB0164_EHI01989_DMB0156.bam>
##sample=<ID=30, name=filtered/EHA04492_bin.49/PRB0174_EHI02079_DMB0156.bam>
##sample=<ID=31, name=filtered/EHA04492_bin.49/PRB0237_EHI02696_DMB0156.bam>
##sample=<ID=32, name=filtered/EHA04492_bin.49/PRB0164_EHI01967_DMB0156.bam>
##sample=<ID=33, name=filtered/EHA04492_bin.49/PRB0164_EHI01992_DMB0156.bam>
##sample=<ID=34, name=filtered/EHA04492_bin.49/PRB0174_EHI02105_DMB0156.bam>
##sample=<ID=35, name=filtered/EHA04492_bin.49/PRB0164_EHI01979_DMB0156.bam>
##sample=<ID=36, name=filtered/EHA04492_bin.49/PRB0164_EHI01982_DMB0156.bam>
##sample=<ID=37, name=filtered/EHA04492_bin.49/PRB0237_EHI02625_DMB0156.bam>
##sample=<ID=38, name=filtered/EHA04492_bin.49/PRB0237_EHI02603_DMB0156.bam>
##sample=<ID=39, name=filtered/EHA04492_bin.49/PRB0237_EHI02584_DMB0156.bam>
##sample=<ID=40, name=filtered/EHA04492_bin.49/PRB0237_EHI02587_DMB0156.bam>
##sample=<ID=41, name=filtered/EHA04492_bin.49/PRB0237_EHI02694_DMB0156.bam>
SampleID  	1       	2       	3       	4       	5       	6       	7       	8       	9       	10      	11      	12      	13      	14      	15      	16      	17      	18      	19      	20      	21      	22      	23      	24      	25      	26      	27      	28      	29      	30      	31      	32      	33      	34      	35      	36      	37      	38      	39      	40      	41      
1	0.99065965	0.99573910	0.99554425	0.99659365	0.99802762	0.99059099	0.99897647	0.99813086	0.99850893	0.99205488	0.99589682	1.00000000	0.99667776	NaN	1.00000000	0.99786454	0.99535745	0.99843383	NaN	NaN	0.99905837	NaN	0.99906397	0.99445325	0.99665856	0.99941522	0.99850130	0.99754524	0.99682540	0.99809343	NaN	0.99718577	0.99806452	0.99830985	0.99663621	1.00000000	1.00000000	0.99433428	0.99768788	0.99491739	NaN
2	0.99573910	0.99934411	0.99915648	0.99892843	0.99711585	0.99891728	0.99710846	0.98789346	0.99524039	0.99898982	0.98735434	0.99713469	0.99676973	NaN	0.99693251	0.99533474	0.99379367	0.99481660	NaN	NaN	0.99697495	NaN	0.99515432	0.99332219	0.99992669	0.99693602	0.99900055	0.99664593	0.99899411	0.99983108	NaN	0.99890482	0.99456519	0.99667335	0.99895787	0.99416059	0.99806201	0.99923569	0.99612981	0.99236643	NaN
3	0.99554425	0.99915648	0.99905533	0.99927944	0.99776351	0.99920982	0.99643582	0.99556214	0.99713606	0.99919623	0.99241495	0.99056602	0.99826992	NaN	0.99634594	0.99503475	0.99279928	0.99376220	NaN	NaN	0.99640614	NaN	0.99509043	0.99355876	0.99891365	0.99653977	0.99895287	0.99533921	0.99894184	0.99885339	NaN	0.99909937	0.99748588	0.99687499	0.99952066	1.00000000	0.98712444	0.99800748	0.99675113	0.99779493	NaN
4	0.99659365	0.99892843	0.99927944	0.99889082	0.99767619	0.99875641	0.99547768	0.99659866	0.99499059	0.99891210	0.99638170	0.98853868	0.99514824	NaN	0.99645388	0.99545455	0.99268889	0.99575245	NaN	NaN	0.99526066	NaN	0.99680638	0.99073118	0.99882358	0.99879009	0.99908930	0.99579978	0.99889427	0.99838948	NaN	0.99909031	0.99588478	0.99467278	0.99784017	0.99854016	0.99130434	0.99906999	0.99607074	0.99256903	NaN
5	0.99802762	0.99711585	0.99776351	0.99767619	0.99730021	0.99675304	0.99844116	0.99878198	0.99912894	0.99799478	0.99741769	0.99413490	0.99817687	NaN	0.99721062	0.99544418	0.99778271	0.99539596	NaN	NaN	1.00000000	NaN	0.99700421	0.99874842	0.99840587	0.99620640	0.99866921	0.99724823	0.99707222	0.99727523	NaN	0.99967837	0.99925953	1.00000000	0.99716538	1.00000000	0.99312717	0.99690640	0.99769586	0.99871302	NaN
6	0.99059099	0.99891728	0.99920982	0.99875641	0.99675304	0.99950051	0.99339736	0.98488373	0.98868400	0.99938977	0.98342091	0.98787880	0.99212396	NaN	0.99463648	0.99229336	0.98777825	0.98931152	NaN	NaN	0.99364573	NaN	0.99249732	0.98450136	0.99872082	0.99613005	0.99841797	0.99149859	0.99862981	0.99868679	NaN	0.99877864	0.98987478	0.99221647	0.99876785	0.99270076	0.99569708	0.99866778	0.98867518	0.98851353	NaN
7	0.99897647	0.99710846	0.99643582	0.99547768	0.99844116	0.99339736	0.99230552	1.00000000	1.00000000	0.99259257	1.00000000	1.00000000	1.00000000	NaN	1.00000000	1.00000000	1.00000000	0.99847561	NaN	NaN	1.00000000	NaN	0.99864680	1.00000000	0.99612254	0.99934638	0.99942559	0.99968237	0.99538463	0.99711937	NaN	0.99778515	1.00000000	0.99912590	0.99925649	1.00000000	1.00000000	0.99310344	1.00000000	0.99719888	NaN
8	0.99813086	0.98789346	0.99556214	0.99659866	0.99878198	0.98488373	1.00000000	0.98412699	0.99804688	0.98412699	1.00000000	1.00000000	1.00000000	NaN	1.00000000	0.99850744	1.00000000	1.00000000	NaN	NaN	1.00000000	NaN	1.00000000	1.00000000	0.99715507	0.99702382	0.99639857	1.00000000	1.00000000	0.99869621	NaN	0.99839485	0.99843991	1.00000000	0.99113923	1.00000000	1.00000000	0.99587631	0.99847561	0.99317408	NaN
9	0.99850893	0.99524039	0.99713606	0.99499059	0.99912894	0.98868400	1.00000000	0.99804688	0.98969924	0.99085367	0.99668598	1.00000000	0.99853802	NaN	1.00000000	0.99824792	0.99788362	0.99707091	NaN	NaN	1.00000000	NaN	0.99772829	0.99727768	0.99566537	0.99853694	0.99943912	0.99780989	0.99416345	0.99688751	NaN	0.99885583	1.00000000	0.99897331	0.99610388	1.00000000	1.00000000	0.99578649	0.99887705	1.00000000	NaN
10	0.99205488	0.99898982	0.99919623	0.99891210	0.99799478	0.99938977	0.99259257	0.98412699	0.99085367	0.99955791	0.98537832	0.99140400	0.99196291	NaN	0.99592787	0.99216002	0.98722047	0.98933989	NaN	NaN	0.99459803	NaN	0.99316317	0.98519039	0.99894679	0.99691355	0.99952453	0.99076796	0.99931842	0.99879295	NaN	0.99907392	0.98901463	0.99502712	0.99899262	0.99270076	0.99502897	0.99883449	0.98891062	0.99029124	NaN
11	0.99589682	0.98735434	0.99241495	0.99638170	0.99741769	0.98342091	1.00000000	1.00000000	0.99668598	0.98537832	0.98224854	1.00000000	0.99837923	NaN	1.00000000	0.99633121	0.99678457	0.99468559	NaN	NaN	0.99762285	NaN	0.99553818	0.99325085	0.98971999	0.99680763	0.99429822	0.99728113	0.98978531	0.99227202	NaN	0.98825914	0.99852723	0.99899089	0.99617773	1.00000000	1.00000000	0.99515736	0.99825376	0.99737531	NaN
12	1.00000000	0.99713469	0.99056602	0.98853868	0.99413490	0.98787880	1.00000000	1.00000000	1.00000000	0.99140400	1.00000000	0.98567337	1.00000000	NaN	1.00000000	1.00000000	1.00000000	NaN	NaN	NaN	1.00000000	NaN	1.00000000	1.00000000	0.99630994	1.00000000	0.99713469	1.00000000	1.00000000	0.99426931	NaN	0.99659282	1.00000000	1.00000000	0.99650347	1.00000000	1.00000000	0.99065423	1.00000000	0.98397434	NaN
13	0.99667776	0.99676973	0.99826992	0.99514824	0.99817687	0.99212396	1.00000000	1.00000000	0.99853802	0.99196291	0.99837923	1.00000000	0.99191308	NaN	1.00000000	0.99919528	0.99893105	0.99625188	NaN	NaN	0.99922025	NaN	0.99599540	0.99615753	0.99566931	0.99911737	0.99926579	0.99932224	0.99475658	0.99588668	NaN	0.99773502	1.00000000	0.99875933	0.99902821	1.00000000	1.00000000	0.99319214	1.00000000	0.99676114	NaN
14	NaN	NaN	NaN	NaN	NaN	NaN	NaN	NaN	NaN	NaN	NaN	NaN	NaN	NaN	NaN	NaN	NaN	NaN	NaN	NaN	NaN	NaN	NaN	NaN	NaN	NaN	NaN	NaN	NaN	NaN	NaN	NaN	NaN	NaN	NaN	NaN	NaN	NaN	NaN	NaN	NaN
15	1.00000000	0.99693251	0.99634594	0.99645388	0.99721062	0.99463648	1.00000000	1.00000000	1.00000000	0.99592787	1.00000000	1.00000000	1.00000000	NaN	0.99374288	1.00000000	1.00000000	1.00000000	NaN	NaN	1.00000000	NaN	1.00000000	1.00000000	0.99470431	0.99854863	0.99917966	1.00000000	0.99887764	0.99818349	NaN	0.99797571	1.00000000	1.00000000	0.99817353	1.00000000	1.00000000	0.99369746	1.00000000	0.99032259	NaN
16	0.99786454	0.99533474	0.99503475	0.99545455	0.99544418	0.99229336	1.00000000	0.99850744	0.99824792	0.99216002	0.99633121	1.00000000	0.99919528	NaN	1.00000000	0.99290782	0.99905884	0.99778128	NaN	NaN	0.99891156	NaN	0.99806672	0.99721640	0.99459863	0.99911970	0.99716473	0.99869597	0.99513382	0.99531716	NaN	0.99748534	0.99880421	0.99925429	0.99828839	1.00000000	1.00000000	0.99304479	0.99884993	0.99710566	NaN
17	0.99535745	0.99379367	0.99279928	0.99268889	0.99778271	0.98777825	1.00000000	1.00000000	0.99788362	0.98722047	0.99678457	1.00000000	0.99893105	NaN	1.00000000	0.99905884	0.98646879	0.99716711	NaN	NaN	0.99878639	NaN	0.99455255	0.99581152	0.99262899	1.00000000	0.99735796	0.99732906	0.99221033	0.99487835	NaN	0.99579245	1.00000000	0.99886233	0.99662161	1.00000000	1.00000000	0.98854959	0.99847484	0.99715370	NaN
18	0.99843383	0.99481660	0.99376220	0.99575245	0.99539596	0.98931152	0.99847561	1.00000000	0.99707091	0.98933989	0.99468559	NaN	0.99625188	NaN	1.00000000	0.99778128	0.99716711	0.98868281	NaN	NaN	0.99746448	NaN	0.99857092	0.99409783	0.99367720	0.99915540	0.99855697	0.99799401	0.99513382	0.99618173	NaN	0.99640286	0.99786782	0.99703848	0.99581879	1.00000000	NaN	0.99414062	0.99712646	0.99605781	NaN
19	NaN	NaN	NaN	NaN	NaN	NaN	NaN	NaN	NaN	NaN	NaN	NaN	NaN	NaN	NaN	NaN	NaN	NaN	NaN	NaN	NaN	NaN	NaN	NaN	NaN	NaN	NaN	NaN	NaN	NaN	NaN	NaN	NaN	NaN	NaN	NaN	NaN	NaN	NaN	NaN	NaN
20	NaN	NaN	NaN	NaN	NaN	NaN	NaN	NaN	NaN	NaN	NaN	NaN	NaN	NaN	NaN	NaN	NaN	NaN	NaN	NaN	NaN	NaN	NaN	NaN	NaN	NaN	NaN	NaN	NaN	NaN	NaN	NaN	NaN	NaN	NaN	NaN	NaN	NaN	NaN	NaN	NaN
21	0.99905837	0.99697495	0.99640614	0.99526066	1.00000000	0.99364573	1.00000000	1.00000000	1.00000000	0.99459803	0.99762285	1.00000000	0.99922025	NaN	1.00000000	0.99891156	0.99878639	0.99746448	NaN	NaN	0.99269706	NaN	0.99824715	0.99559957	0.99718410	0.99931365	0.99945682	0.99877822	0.99585307	0.99763036	NaN	1.00000000	1.00000000	0.99904764	0.99779248	1.00000000	1.00000000	0.99581152	0.99941486	0.99909502	NaN
22	NaN	NaN	NaN	NaN	NaN	NaN	NaN	NaN	NaN	NaN	NaN	NaN	NaN	NaN	NaN	NaN	NaN	NaN	NaN	NaN	NaN	NaN	NaN	NaN	NaN	NaN	NaN	NaN	NaN	NaN	NaN	NaN	NaN	NaN	NaN	NaN	NaN	NaN	NaN	NaN	NaN
23	0.99906397	0.99515432	0.99509043	0.99680638	0.99700421	0.99249732	0.99864680	1.00000000	0.99772829	0.99316317	0.99553818	1.00000000	0.99599540	NaN	1.00000000	0.99806672	0.99455255	0.99857092	NaN	NaN	0.99824715	NaN	0.99268585	0.99665803	0.99517012	0.99908674	0.99847281	0.99882406	0.99540365	0.99704653	NaN	0.99831653	0.99767768	0.99770117	0.99659431	1.00000000	1.00000000	0.99537575	0.99750936	0.99339205	NaN
24	0.99445325	0.99332219	0.99355876	0.99073118	0.99874842	0.98450136	1.00000000	1.00000000	0.99727768	0.98519039	0.99325085	1.00000000	0.99615753	NaN	1.00000000	0.99721640	0.99581152	0.99409783	NaN	NaN	0.99559957	NaN	0.99665803	0.98382747	0.99076706	1.00000000	0.99872935	0.99443287	0.99207747	0.99608761	NaN	1.00000000	0.99692309	0.99638551	0.99277604	1.00000000	1.00000000	0.99317408	0.99640030	0.99635035	NaN
25	0.99665856	0.99992669	0.99891365	0.99882358	0.99840587	0.99872082	0.99612254	0.99715507	0.99566537	0.99894679	0.98971999	0.99630994	0.99566931	NaN	0.99470431	0.99459863	0.99262899	0.99367720	NaN	NaN	0.99718410	NaN	0.99517012	0.99076706	0.99929750	0.99761146	0.99882758	0.99377203	0.99866343	0.99990201	NaN	0.99870449	0.99262267	0.99592668	0.99889559	0.99854016	0.99894291	0.99836653	0.99416703	0.99615753	NaN
26	0.99941522	0.99693602	0.99653977	0.99879009	0.99620640	0.99613005	0.99934638	0.99702382	0.99853694	0.99691355	0.99680763	1.00000000	0.99911737	NaN	0.99854863	0.99911970	1.00000000	0.99915540	NaN	NaN	0.99931365	NaN	0.99908674	1.00000000	0.99761146	0.99483395	0.99795252	0.99868768	0.99838448	0.99720782	NaN	0.99745333	0.99812204	0.99867022	0.99874133	0.99854016	1.00000000	0.99826390	0.99887067	0.99742270	NaN
27	0.99850130	0.99900055	0.99895287	0.99908930	0.99866921	0.99841797	0.99942559	0.99639857	0.99943912	0.99952453	0.99429822	0.99713469	0.99926579	NaN	0.99917966	0.99716473	0.99735796	0.99855697	NaN	NaN	0.99945682	NaN	0.99847281	0.99872935	0.99882758	0.99795252	0.99885958	0.99849349	0.99939603	0.99844718	NaN	0.99851900	0.99867201	0.99954629	0.99936372	1.00000000	0.99619770	0.99911863	0.99917114	0.99080884	NaN
28	0.99754524	0.99664593	0.99533921	0.99579978	0.99724823	0.99149859	0.99968237	1.00000000	0.99780989	0.99076796	0.99728113	1.00000000	0.99932224	NaN	1.00000000	0.99869597	0.99732906	0.99799401	NaN	NaN	0.99877822	NaN	0.99882406	0.99443287	0.99377203	0.99868768	0.99849349	0.99100751	0.99349594	0.99632186	NaN	0.99556869	0.99859995	0.99925596	0.99870354	1.00000000	1.00000000	0.99430197	0.99886829	0.99614197	NaN
29	0.99682540	0.99899411	0.99894184	0.99889427	0.99707222	0.99862981	0.99538463	1.00000000	0.99416345	0.99931842	0.98978531	1.00000000	0.99475658	NaN	0.99887764	0.99513382	0.99221033	0.99513382	NaN	NaN	0.99585307	NaN	0.99540365	0.99207747	0.99866343	0.99838448	0.99939603	0.99349594	0.99879789	0.99882346	NaN	0.99878693	0.98952514	0.99654698	0.99919218	1.00000000	1.00000000	0.99886358	0.99170810	0.98845267	NaN
30	0.99809343	0.99983108	0.99885339	0.99838948	0.99727523	0.99868679	0.99711937	0.99869621	0.99688751	0.99879295	0.99227202	0.99426931	0.99588668	NaN	0.99818349	0.99531716	0.99487835	0.99618173	NaN	NaN	0.99763036	NaN	0.99704653	0.99608761	0.99990201	0.99720782	0.99844718	0.99632186	0.99882346	0.99917817	NaN	0.99876028	0.99348110	0.99766761	0.99909562	0.99844480	1.00000000	0.99860454	0.99548787	0.99341488	NaN
31	NaN	NaN	NaN	NaN	NaN	NaN	NaN	NaN	NaN	NaN	NaN	NaN	NaN	NaN	NaN	NaN	NaN	NaN	NaN	NaN	NaN	NaN	NaN	NaN	NaN	NaN	NaN	NaN	NaN	NaN	NaN	NaN	NaN	NaN	NaN	NaN	NaN	NaN	NaN	NaN	NaN
32	0.99718577	0.99890482	0.99909937	0.99909031	0.99967837	0.99877864	0.99778515	0.99839485	0.99885583	0.99907392	0.98825914	0.99659282	0.99773502	NaN	0.99797571	0.99748534	0.99579245	0.99640286	NaN	NaN	1.00000000	NaN	0.99831653	1.00000000	0.99870449	0.99745333	0.99851900	0.99556869	0.99878693	0.99876028	NaN	0.99914747	0.99526441	1.00000000	0.99920493	1.00000000	0.99346405	0.99903065	0.99773413	0.99410611	NaN
33	0.99806452	0.99456519	0.99748588	0.99588478	0.99925953	0.98987478	1.00000000	0.99843991	1.00000000	0.98901463	0.99852723	1.00000000	1.00000000	NaN	1.00000000	0.99880421	1.00000000	0.99786782	NaN	NaN	1.00000000	NaN	0.99767768	0.99692309	0.99262267	0.99812204	0.99867201	0.99859995	0.98952514	0.99348110	NaN	0.99526441	0.99017000	0.99910074	0.99776536	1.00000000	1.00000000	0.99290782	0.99968255	0.99822855	NaN
34	0.99830985	0.99667335	0.99687499	0.99467278	1.00000000	0.99221647	0.99912590	1.00000000	0.99897331	0.99502712	0.99899089	1.00000000	0.99875933	NaN	1.00000000	0.99925429	0.99886233	0.99703848	NaN	NaN	0.99904764	NaN	0.99770117	0.99638551	0.99592668	0.99867022	0.99954629	0.99925596	0.99654698	0.99766761	NaN	1.00000000	0.99910074	0.99267018	0.99826688	1.00000000	1.00000000	0.99649125	0.99914604	0.99718308	NaN
35	0.99663621	0.99895787	0.99952066	0.99784017	0.99716538	0.99876785	0.99925649	0.99113923	0.99610388	0.99899262	0.99617773	0.99650347	0.99902821	NaN	0.99817353	0.99828839	0.99662161	0.99581879	NaN	NaN	0.99779248	NaN	0.99659431	0.99277604	0.99889559	0.99874133	0.99936372	0.99870354	0.99919218	0.99909562	NaN	0.99920493	0.99776536	0.99826688	0.99895829	1.00000000	0.99753088	0.99790466	0.99853587	0.99553072	NaN
36	1.00000000	0.99416059	1.00000000	0.99854016	1.00000000	0.99270076	1.00000000	1.00000000	1.00000000	0.99270076	1.00000000	1.00000000	1.00000000	NaN	1.00000000	1.00000000	1.00000000	1.00000000	NaN	NaN	1.00000000	NaN	1.00000000	1.00000000	0.99854016	0.99854016	1.00000000	1.00000000	1.00000000	0.99844480	NaN	1.00000000	1.00000000	1.00000000	1.00000000	0.99124086	1.00000000	1.00000000	1.00000000	1.00000000	NaN
37	1.00000000	0.99806201	0.98712444	0.99130434	0.99312717	0.99569708	1.00000000	1.00000000	1.00000000	0.99502897	1.00000000	1.00000000	1.00000000	NaN	1.00000000	1.00000000	1.00000000	NaN	NaN	NaN	1.00000000	NaN	1.00000000	1.00000000	0.99894291	1.00000000	0.99619770	1.00000000	1.00000000	1.00000000	NaN	0.99346405	1.00000000	1.00000000	0.99753088	1.00000000	0.99564904	0.98429322	1.00000000	0.99099100	NaN
38	0.99433428	0.99923569	0.99800748	0.99906999	0.99690640	0.99866778	0.99310344	0.99587631	0.99578649	0.99883449	0.99515736	0.99065423	0.99319214	NaN	0.99369746	0.99304479	0.98854959	0.99414062	NaN	NaN	0.99581152	NaN	0.99537575	0.99317408	0.99836653	0.99826390	0.99911863	0.99430197	0.99886358	0.99860454	NaN	0.99903065	0.99290782	0.99649125	0.99790466	1.00000000	0.98429322	0.99881083	0.99262297	0.99277455	NaN
39	0.99768788	0.99612981	0.99675113	0.99607074	0.99769586	0.98867518	1.00000000	0.99847561	0.99887705	0.98891062	0.99825376	1.00000000	1.00000000	NaN	1.00000000	0.99884993	0.99847484	0.99712646	NaN	NaN	0.99941486	NaN	0.99750936	0.99640030	0.99416703	0.99887067	0.99917114	0.99886829	0.99170810	0.99548787	NaN	0.99773413	0.99968255	0.99914604	0.99853587	1.00000000	1.00000000	0.99262297	0.98825830	0.99708879	NaN
40	0.99491739	0.99236643	0.99779493	0.99256903	0.99871302	0.98851353	0.99719888	0.99317408	1.00000000	0.99029124	0.99737531	0.98397434	0.99676114	NaN	0.99032259	0.99710566	0.99715370	0.99605781	NaN	NaN	0.99909502	NaN	0.99339205	0.99635035	0.99615753	0.99742270	0.99080884	0.99614197	0.98845267	0.99341488	NaN	0.99410611	0.99822855	0.99718308	0.99553072	1.00000000	0.99099100	0.99277455	0.99708879	0.98851353	NaN
41	NaN	NaN	NaN	NaN	NaN	NaN	NaN	NaN	NaN	NaN	NaN	NaN	NaN	NaN	NaN	NaN	NaN	NaN	NaN	NaN	NaN	NaN	NaN	NaN	NaN	NaN	NaN	NaN	NaN	NaN	NaN	NaN	NaN	NaN	NaN	NaN	NaN	NaN	NaN	NaN	NaN
